A	B	LAST_A	LAST_B	SEQ	L_SEQ	DELTA	ACC_DELTA	LENGTH(cm)	TIME
0	0	0	1	   0	   3	   1	   1		2.50	15:26:21.743957
1	0	0	0	   1	   0	   1	   2		5.00	15:26:21.952955
1	1	1	0	   2	   1	   1	   3		7.49	15:26:22.132475
0	1	1	1	   3	   2	   1	   4		9.99	15:26:22.522666
0	0	0	1	   0	   3	   1	   5		12.49	15:26:22.605747
1	0	0	0	   1	   0	   1	   6		14.99	15:26:22.661319
1	1	1	0	   2	   1	   1	   7		17.48	15:26:22.705974
0	1	1	1	   3	   2	   1	   8		19.98	15:26:22.867415
0	0	0	1	   0	   3	   1	   9		22.48	15:26:22.923017
1	0	0	0	   1	   0	   1	  10		24.98	15:26:22.957582
1	1	1	0	   2	   1	   1	  11		27.47	15:26:23.009515
0	1	1	1	   3	   2	   1	  12		29.97	15:26:23.167276
0	0	0	1	   0	   3	   1	  13		32.47	15:26:23.222382
1	0	0	0	   1	   0	   1	  14		34.97	15:26:23.264630
1	1	1	0	   2	   1	   1	  15		37.46	15:26:23.334504
0	1	1	1	   3	   2	   1	  16		39.96	15:26:23.535435
0	0	0	1	   0	   3	   1	  17		42.46	15:26:23.599936
1	0	0	0	   1	   0	   1	  18		44.96	15:26:23.664242
1	1	1	0	   2	   1	   1	  19		47.45	15:26:23.693100
0	1	1	1	   3	   2	   1	  20		49.95	15:26:23.856322

A	B	LAST_A	LAST_B	SEQ	L_SEQ	DELTA	ACC_DELTA	LENGTH(cm)	TIME

A	B	LAST_A	LAST_B	SEQ	L_SEQ	DELTA	ACC_DELTA	LENGTH(cm)	TIME

A	B	LAST_A	LAST_B	SEQ	L_SEQ	DELTA	ACC_DELTA	LENGTH(cm)	TIME

A	B	LAST_A	LAST_B	SEQ	L_SEQ	DELTA	ACC_DELTA	LENGTH(cm)	TIME
0	0	0	1	   0	   3	   1	  21		52.45	15:26:23.921137
1	0	0	0	   1	   0	   1	  22		54.95	15:26:23.945948
1	1	1	0	   2	   1	   1	  23		57.44	15:26:23.992858
0	1	1	1	   3	   2	   1	  24		59.94	15:26:24.132642
0	0	0	1	   0	   3	   1	  25		62.44	15:26:24.182170
1	0	0	0	   1	   0	   1	  26		64.94	15:26:24.214095
1	1	1	0	   2	   1	   1	  27		67.43	15:26:24.261187
0	1	1	1	   3	   2	   1	  28		69.93	15:26:24.402124
0	0	0	1	   0	   3	   1	  29		72.43	15:26:24.455690
1	0	0	0	   1	   0	   1	  30		74.93	15:26:24.490192
1	1	1	0	   2	   1	   1	  31		77.42	15:26:24.539936
0	1	1	1	   3	   2	   1	  32		79.92	15:26:24.684463
0	0	0	1	   0	   3	   1	  33		82.42	15:26:24.733936
1	0	0	0	   1	   0	   1	  34		84.92	15:26:24.764559
1	1	1	0	   2	   1	   1	  35		87.41	15:26:24.806050
0	1	1	1	   3	   2	   1	  36		89.91	15:26:24.918074
0	0	0	1	   0	   3	   1	  37		92.41	15:26:24.958557
1	0	0	0	   1	   0	   1	  38		94.91	15:26:24.986512
1	1	1	0	   2	   1	   1	  39		97.40	15:26:25.029323
0	1	1	1	   3	   2	   1	  40		99.90	15:26:25.162008

A	B	LAST_A	LAST_B	SEQ	L_SEQ	DELTA	ACC_DELTA	LENGTH(cm)	TIME

A	B	LAST_A	LAST_B	SEQ	L_SEQ	DELTA	ACC_DELTA	LENGTH(cm)	TIME

A	B	LAST_A	LAST_B	SEQ	L_SEQ	DELTA	ACC_DELTA	LENGTH(cm)	TIME
0	0	0	1	   0	   3	   1	  41		102.40	15:26:25.217214
1	0	0	0	   1	   0	   1	  42		104.90	15:26:25.238310
1	1	1	0	   2	   1	   1	  43		107.39	15:26:25.279080
0	1	1	1	   3	   2	   1	  44		109.89	15:26:25.397005
0	0	0	1	   0	   3	   1	  45		112.39	15:26:25.436213
1	0	0	0	   1	   0	   1	  46		114.89	15:26:25.461279
1	1	1	0	   2	   1	   1	  47		117.38	15:26:25.498014
0	1	1	1	   3	   2	   1	  48		119.88	15:26:25.605703
0	0	0	1	   0	   3	   1	  49		122.38	15:26:25.642198
1	0	0	0	   1	   0	   1	  50		124.88	15:26:25.666362
1	1	1	0	   2	   1	   1	  51		127.38	15:26:25.703562
0	1	1	1	   3	   2	   1	  52		129.87	15:26:25.816560
0	0	0	1	   0	   3	   1	  53		132.37	15:26:25.861132
1	0	0	0	   1	   0	   1	  54		134.87	15:26:25.891148
1	1	1	0	   2	   1	   1	  55		137.37	15:26:25.934881
0	1	1	1	   3	   2	   1	  56		139.86	15:26:26.068629
0	0	0	1	   0	   3	   1	  57		142.36	15:26:26.117030
1	0	0	0	   1	   0	   1	  58		144.86	15:26:26.148207
1	1	1	0	   2	   1	   1	  59		147.36	15:26:26.193096
0	1	1	1	   3	   2	   1	  60		149.85	15:26:26.331241

A	B	LAST_A	LAST_B	SEQ	L_SEQ	DELTA	ACC_DELTA	LENGTH(cm)	TIME

A	B	LAST_A	LAST_B	SEQ	L_SEQ	DELTA	ACC_DELTA	LENGTH(cm)	TIME

A	B	LAST_A	LAST_B	SEQ	L_SEQ	DELTA	ACC_DELTA	LENGTH(cm)	TIME
0	0	0	1	   0	   3	   1	  61		152.35	15:26:26.387761
1	0	0	0	   1	   0	   1	  62		154.85	15:26:26.423079
1	1	1	0	   2	   1	   1	  63		157.35	15:26:26.482910
0	1	1	1	   3	   2	   1	  64		159.84	15:26:26.731629
