A	B	LAST_A	LAST_B	SEQ	L_SEQ	DELTA	ACC_DELTA	LENGTH(cm)	TIME
0	0	1	0	   0	   1	  -1	  -1		-2.50	15:35:47.351319
0	1	0	0	   3	   0	  -1	  -2		-5.00	15:35:47.398093
1	1	0	1	   2	   3	  -1	  -3		-7.49	15:35:47.456550
1	0	1	1	   1	   2	  -1	  -4		-9.99	15:35:47.620231
0	0	1	0	   0	   1	  -1	  -5		-12.49	15:35:47.685978
0	1	0	0	   3	   0	  -1	  -6		-14.99	15:35:47.743711
1	1	0	1	   2	   3	  -1	  -7		-17.48	15:35:47.816400
1	0	1	1	   1	   2	  -1	  -8		-19.98	15:35:48.118552
0	0	1	0	   0	   1	  -1	  -9		-22.48	15:35:48.308523
0	1	0	0	   3	   0	  -1	 -10		-24.98	15:35:48.847785
1	1	0	1	   2	   3	  -1	 -11		-27.47	15:35:48.905371
1	0	1	1	   1	   2	  -1	 -12		-29.97	15:35:49.013579
0	0	1	0	   0	   1	  -1	 -13		-32.47	15:35:49.052119
0	1	0	0	   3	   0	  -1	 -14		-34.97	15:35:49.079476
1	1	0	1	   2	   3	  -1	 -15		-37.46	15:35:49.123734
1	0	1	1	   1	   2	  -1	 -16		-39.96	15:35:49.250714
0	0	1	0	   0	   1	  -1	 -17		-42.46	15:35:49.298229
0	1	0	0	   3	   0	  -1	 -18		-44.96	15:35:49.333824
1	1	0	1	   2	   3	  -1	 -19		-47.45	15:35:49.390320
1	0	1	1	   1	   2	  -1	 -20		-49.95	15:35:49.561853

A	B	LAST_A	LAST_B	SEQ	L_SEQ	DELTA	ACC_DELTA	LENGTH(cm)	TIME

A	B	LAST_A	LAST_B	SEQ	L_SEQ	DELTA	ACC_DELTA	LENGTH(cm)	TIME

A	B	LAST_A	LAST_B	SEQ	L_SEQ	DELTA	ACC_DELTA	LENGTH(cm)	TIME

A	B	LAST_A	LAST_B	SEQ	L_SEQ	DELTA	ACC_DELTA	LENGTH(cm)	TIME
0	0	1	0	   0	   1	  -1	 -21		-52.45	15:35:49.633120
0	1	0	0	   3	   0	  -1	 -22		-54.95	15:35:49.681748
1	1	0	1	   2	   3	  -1	 -23		-57.44	15:35:49.768980
1	0	1	1	   1	   2	  -1	 -24		-59.94	15:35:50.109870
0	0	1	0	   0	   1	  -1	 -25		-62.44	15:35:50.250651
0	1	0	0	   3	   0	  -1	 -26		-64.94	15:35:50.383490
