A	B	LAST_A	LAST_B	SEQ	L_SEQ	DELTA	ACC_DELTA	LENGTH(cm)	TIME
0	1	1	1	   3	   2	   1	   1		2.50	16:20:38.048517
0	0	0	1	   0	   3	   1	   2		5.00	16:20:38.137702
1	0	0	0	   1	   0	   1	   3		7.49	16:20:38.180807
1	1	1	0	   2	   1	   1	   4		9.99	16:20:38.242848
0	1	1	1	   3	   2	   1	   5		12.49	16:20:38.431693
0	0	0	1	   0	   3	   1	   6		14.99	16:20:38.482785
1	0	0	0	   1	   0	   1	   7		17.48	16:20:38.515981
1	1	1	0	   2	   1	   1	   8		19.98	16:20:38.565409
0	1	1	1	   3	   2	   1	   9		22.48	16:20:38.705455
0	0	0	1	   0	   3	   1	  10		24.98	16:20:38.762820
1	0	0	0	   1	   0	   1	  11		27.47	16:20:38.801125
1	1	1	0	   2	   1	   1	  12		29.97	16:20:38.860720
0	1	1	1	   3	   2	   1	  13		32.47	16:20:39.078465
0	0	0	1	   0	   3	   1	  14		34.97	16:20:39.166147
1	0	0	0	   1	   0	   1	  15		37.46	16:20:39.215926
1	1	1	0	   2	   1	   1	  16		39.96	16:20:39.274008
0	1	1	1	   3	   2	   1	  17		42.46	16:20:39.468816
0	0	0	1	   0	   3	   1	  18		44.96	16:20:39.530378
1	0	0	0	   1	   0	   1	  19		47.45	16:20:39.571126
1	1	1	0	   2	   1	   1	  20		49.95	16:20:39.636076

A	B	LAST_A	LAST_B	SEQ	L_SEQ	DELTA	ACC_DELTA	LENGTH(cm)	TIME

A	B	LAST_A	LAST_B	SEQ	L_SEQ	DELTA	ACC_DELTA	LENGTH(cm)	TIME

A	B	LAST_A	LAST_B	SEQ	L_SEQ	DELTA	ACC_DELTA	LENGTH(cm)	TIME
0	1	1	1	   3	   2	   1	  21		52.45	16:20:39.903242
0	0	0	1	   0	   3	   1	  22		54.95	16:20:39.973680
1	0	0	0	   1	   0	   1	  23		57.44	16:20:40.058927
1	1	1	0	   2	   1	   1	  24		59.94	16:20:40.227273
